Racuni cije sve koordinate upadaju u jedinicnu kuglu:

Racuni cije bar jedna koordinata ne upada u jedinicnu kuglu:
Racun 1:
polinom (0): 0.45 0.98 -0.87 0.76 0.76 0.87 -0.65 0.65 0.56 0.87 0.88 -0.88 
x: 0.75 0.76 0.87 -0.45 0.71 0.87 0.16 0.87 -0.45 0.45 0.87 -0.76 0.87 -0.67 0.98 
y: -0.0959473 -0.730347 -0.999573 -0.769012 -0.153946 0.071605 -0.593835 -0.974234 -0.887001 -0.374007 0.818701 0.99539 0.913278 0.593713 0.119783 -0.912259 0.776313 0.213578 -0.968533 0.658102 -0.674508 -0.99879 -0.743774 -0.0573691 0.66231 0.818701 0.99539 0.913278 0.593713 0.119783 -0.980697 -0.349925 0.868721 0.627916 -0.667788 0.818701 0.99539 0.913278 0.593713 0.119783 -0.912259 0.776313 0.213578 -0.968533 0.658102 0.912259 0.776313 -0.213578 -0.968533 -0.658102 0.818701 0.99539 0.913278 0.593713 0.119783 -0.071605 -0.593835 0.974234 -0.887001 0.374007 0.818701 0.99539 0.913278 0.593713 0.119783 0.97539 -0.817193 0.119649 0.656863 -0.999846 -0.591475 -0.740102 -0.859125 -0.943782 -0.990689 
Racun 2:
polinom (1): -0.76 0.76 0.87 0.65 -0.65 0.56 0.89 0.76 0.87 0.11 0.76 0.71 
x: 0.75 0.76 0.87 0.76 0.87 0.45 0.37 0.76 0.75 0.16 0.87 -0.76 0.87 0.98 0.75 
y: -0.0959473 -0.730347 -0.999573 -0.769012 -0.153946 0.071605 -0.593835 -0.974234 -0.887001 -0.374007 0.818701 0.99539 0.913278 0.593713 0.119783 0.071605 -0.593835 -0.974234 -0.887001 -0.374007 0.818701 0.99539 0.913278 0.593713 0.119783 0.912259 0.776313 -0.213578 -0.968533 -0.658102 0.856013 -0.163543 -0.977034 -0.559463 0.563032 0.071605 -0.593835 -0.974234 -0.887001 -0.374007 -0.0959473 -0.730347 -0.999573 -0.769012 -0.153946 -0.980697 -0.349925 0.868721 0.627916 -0.667788 0.818701 0.99539 0.913278 0.593713 0.119783 -0.071605 -0.593835 0.974234 -0.887001 0.374007 0.818701 0.99539 0.913278 0.593713 0.119783 -0.591475 -0.740102 -0.859125 -0.943782 -0.990689 -0.0959473 -0.730347 -0.999573 -0.769012 -0.153946 
Racun 3:
polinom (2): 0.87 0.16 0.87 0.87 -0.45 0.45 0.16 0.87 0.16 0.87 -0.76 0.87 
x: 0.72 0.87 -0.45 0.45 0.45 0.45 0.37 0.76 -0.81 0.98 0.5 0.72 0.87 -0.45 0.5 
y: -0.550491 -0.975712 -0.854534 -0.254817 0.487597 0.818701 0.99539 0.913278 0.593713 0.119783 -0.912259 0.776313 0.213578 -0.968533 0.658102 0.912259 0.776313 -0.213578 -0.968533 -0.658102 0.912259 0.776313 -0.213578 -0.968533 -0.658102 0.912259 0.776313 -0.213578 -0.968533 -0.658102 0.856013 -0.163543 -0.977034 -0.559463 0.563032 0.071605 -0.593835 -0.974234 -0.887001 -0.374007 -0.819705 0.328062 0.288245 -0.795018 0.999685 -0.591475 -0.740102 -0.859125 -0.943782 -0.990689 0.5 1 0.5 -0.5 -1 -0.550491 -0.975712 -0.854534 -0.254817 0.487597 0.818701 0.99539 0.913278 0.593713 0.119783 -0.912259 0.776313 0.213578 -0.968533 0.658102 0.5 1 0.5 -0.5 -1 
Racun 4:
polinom (3): -0.67 -0.81 0.45 0.76 -0.81 0.98 0.37 0.76 0.71 0.87 0.16 0.87 
x: 0.72 0.87 -0.45 -0.5 -0.88 0.74 0.53 0.71 0.87 0.75 -0.5 0.72 0.87 0.87 0.16 
y: -0.550491 -0.975712 -0.854534 -0.254817 0.487597 0.818701 0.99539 0.913278 0.593713 0.119783 -0.912259 0.776313 0.213578 -0.968533 0.658102 -0.5 1 -0.5 -0.5 1 -0.668274 0.941421 -0.988627 0.798563 -0.416843 -0.258051 -0.840784 -0.98631 -0.618954 0.0702573 0.138136 0.91308 0.829729 -0.0335674 -0.86531 -0.674508 -0.99879 -0.743774 -0.0573691 0.66231 0.818701 0.99539 0.913278 0.593713 0.119783 -0.0959473 -0.730347 -0.999573 -0.769012 -0.153946 -0.5 1 -0.5 -0.5 1 -0.550491 -0.975712 -0.854534 -0.254817 0.487597 0.818701 0.99539 0.913278 0.593713 0.119783 0.818701 0.99539 0.913278 0.593713 0.119783 -0.980697 -0.349925 0.868721 0.627916 -0.667788 
Racun 5:
polinom (4): -0.76 0.87 -0.76 0.87 -0.67 -0.81 0.98 0.75 0.76 0.87 -0.45 0.55 
x: 0.37 0.87 -0.67 0.87 0.98 0.74 0.53 0.71 0.37 0.76 0.87 0.16 0.87 -0.76 0.98 
y: 0.856013 -0.163543 -0.977034 -0.559463 0.563032 0.818701 0.99539 0.913278 0.593713 0.119783 0.97539 -0.817193 0.119649 0.656863 -0.999846 0.818701 0.99539 0.913278 0.593713 0.119783 -0.591475 -0.740102 -0.859125 -0.943782 -0.990689 -0.258051 -0.840784 -0.98631 -0.618954 0.0702573 0.138136 0.91308 0.829729 -0.0335674 -0.86531 -0.674508 -0.99879 -0.743774 -0.0573691 0.66231 0.856013 -0.163543 -0.977034 -0.559463 0.563032 0.071605 -0.593835 -0.974234 -0.887001 -0.374007 0.818701 0.99539 0.913278 0.593713 0.119783 -0.980697 -0.349925 0.868721 0.627916 -0.667788 0.818701 0.99539 0.913278 0.593713 0.119783 -0.071605 -0.593835 0.974234 -0.887001 0.374007 -0.591475 -0.740102 -0.859125 -0.943782 -0.990689 
Racun 6:
polinom (5): 0.71 0.87 -0.45 0.45 0.16 0.87 -0.76 0.87 -0.67 -0.81 0.98 0.87 
x: 0.37 0.87 -0.67 0.16 0.87 0.87 -0.45 0.45 0.16 0.71 0.87 0.16 0.87 -0.76 0.76 
y: 0.856013 -0.163543 -0.977034 -0.559463 0.563032 0.818701 0.99539 0.913278 0.593713 0.119783 0.97539 -0.817193 0.119649 0.656863 -0.999846 -0.980697 -0.349925 0.868721 0.627916 -0.667788 0.818701 0.99539 0.913278 0.593713 0.119783 0.818701 0.99539 0.913278 0.593713 0.119783 -0.912259 0.776313 0.213578 -0.968533 0.658102 0.912259 0.776313 -0.213578 -0.968533 -0.658102 -0.980697 -0.349925 0.868721 0.627916 -0.667788 -0.674508 -0.99879 -0.743774 -0.0573691 0.66231 0.818701 0.99539 0.913278 0.593713 0.119783 -0.980697 -0.349925 0.868721 0.627916 -0.667788 0.818701 0.99539 0.913278 0.593713 0.119783 -0.071605 -0.593835 0.974234 -0.887001 0.374007 0.071605 -0.593835 -0.974234 -0.887001 -0.374007 
Racun 7:
polinom (6): 0.76 0.87 -0.45 0.45 0.37 0.76 0.75 -0.5 -0.67 -0.81 0.98 0.75 
x: 0.87 -0.67 -0.81 0.98 0.76 0.87 -0.45 0.45 0.76 0.71 0.75 -0.5 -0.88 0.98 0.74 
y: 0.818701 0.99539 0.913278 0.593713 0.119783 0.97539 -0.817193 0.119649 0.656863 -0.999846 -0.819705 0.328062 0.288245 -0.795018 0.999685 -0.591475 -0.740102 -0.859125 -0.943782 -0.990689 0.071605 -0.593835 -0.974234 -0.887001 -0.374007 0.818701 0.99539 0.913278 0.593713 0.119783 -0.912259 0.776313 0.213578 -0.968533 0.658102 0.912259 0.776313 -0.213578 -0.968533 -0.658102 0.071605 -0.593835 -0.974234 -0.887001 -0.374007 -0.674508 -0.99879 -0.743774 -0.0573691 0.66231 -0.0959473 -0.730347 -0.999573 -0.769012 -0.153946 -0.5 1 -0.5 -0.5 1 -0.668274 0.941421 -0.988627 0.798563 -0.416843 -0.591475 -0.740102 -0.859125 -0.943782 -0.990689 -0.258051 -0.840784 -0.98631 -0.618954 0.0702573 
Racun 8:
polinom (7): -0.5 0.72 0.87 -0.45 0.45 0.16 0.87 -0.67 -0.81 0.98 0.75 -0.5 
x: 0.53 0.71 0.87 0.11 0.76 0.76 0.87 0.16 0.98 0.37 0.87 -0.67 0.87 0.87 0.76 
y: 0.138136 0.91308 0.829729 -0.0335674 -0.86531 -0.674508 -0.99879 -0.743774 -0.0573691 0.66231 0.818701 0.99539 0.913278 0.593713 0.119783 -0.936479 0.245582 0.990507 -0.0276701 -0.996595 0.071605 -0.593835 -0.974234 -0.887001 -0.374007 0.071605 -0.593835 -0.974234 -0.887001 -0.374007 0.818701 0.99539 0.913278 0.593713 0.119783 -0.980697 -0.349925 0.868721 0.627916 -0.667788 -0.591475 -0.740102 -0.859125 -0.943782 -0.990689 0.856013 -0.163543 -0.977034 -0.559463 0.563032 0.818701 0.99539 0.913278 0.593713 0.119783 0.97539 -0.817193 0.119649 0.656863 -0.999846 0.818701 0.99539 0.913278 0.593713 0.119783 0.818701 0.99539 0.913278 0.593713 0.119783 0.071605 -0.593835 -0.974234 -0.887001 -0.374007 
Racun 9:
polinom (8): 0.72 0.87 -0.45 0.45 0.87 0.75 -0.5 -0.88 0.98 0.74 0.53 0.71 
x: 0.76 0.37 0.76 0.71 0.87 0.16 0.87 -0.76 -0.45 0.45 0.45 0.16 0.87 0.76 0.87 
y: 0.071605 -0.593835 -0.974234 -0.887001 -0.374007 0.856013 -0.163543 -0.977034 -0.559463 0.563032 0.071605 -0.593835 -0.974234 -0.887001 -0.374007 -0.674508 -0.99879 -0.743774 -0.0573691 0.66231 0.818701 0.99539 0.913278 0.593713 0.119783 -0.980697 -0.349925 0.868721 0.627916 -0.667788 0.818701 0.99539 0.913278 0.593713 0.119783 -0.071605 -0.593835 0.974234 -0.887001 0.374007 -0.912259 0.776313 0.213578 -0.968533 0.658102 0.912259 0.776313 -0.213578 -0.968533 -0.658102 0.912259 0.776313 -0.213578 -0.968533 -0.658102 -0.980697 -0.349925 0.868721 0.627916 -0.667788 0.818701 0.99539 0.913278 0.593713 0.119783 0.071605 -0.593835 -0.974234 -0.887001 -0.374007 0.818701 0.99539 0.913278 0.593713 0.119783 
Racun 10:
polinom (9): 0.87 -0.45 0.11 0.76 0.87 0.16 0.98 0.37 0.87 -0.67 0.87 -0.45 
x: -0.45 0.45 0.16 0.76 0.87 0.87 -0.45 0.45 0.37 0.87 -0.67 -0.81 0.98 0.16 0.87 
y: -0.912259 0.776313 0.213578 -0.968533 0.658102 0.912259 0.776313 -0.213578 -0.968533 -0.658102 -0.980697 -0.349925 0.868721 0.627916 -0.667788 0.071605 -0.593835 -0.974234 -0.887001 -0.374007 0.818701 0.99539 0.913278 0.593713 0.119783 0.818701 0.99539 0.913278 0.593713 0.119783 -0.912259 0.776313 0.213578 -0.968533 0.658102 0.912259 0.776313 -0.213578 -0.968533 -0.658102 0.856013 -0.163543 -0.977034 -0.559463 0.563032 0.818701 0.99539 0.913278 0.593713 0.119783 0.97539 -0.817193 0.119649 0.656863 -0.999846 -0.819705 0.328062 0.288245 -0.795018 0.999685 -0.591475 -0.740102 -0.859125 -0.943782 -0.990689 -0.980697 -0.349925 0.868721 0.627916 -0.667788 0.818701 0.99539 0.913278 0.593713 0.119783 
