0.45 0.98 -0.87 5.76 0.76 3.87 -4.65 8.65 0.56 9.87 6.76 9.87 7.65 -7.86 6.98 0.75 -4.50 0.55 0.88 -0.88 -5.76 1.76 4.87 4.65 -8.65 9.56 4.89 4.76 3.87 7.11 -1.88 7.98 0.74 4.53 0.71 1.87 -4.45 4.45 3.16 4.87 -2.76 3.87 -3.67 -8.81
4 9 -8 5 7 3 -4 8 5 9 6 9 7 -7 6 7 -4 5 8 -8 -5 1 4 4
9 6 9 -4 4
1.15 1.98 0.37 7.76 0.71 1.87 -4.45 4.45 3.16 4.87 -2.76 3.87 -3.67 -8.81 1.98 2.75 -5.50  0.72 1.87 -4.45 4.45 3.16 4.87 -1.76 3.77 -3.47 -5.81
-4.65 8.65 0.56 9.87 6.76 -0.88 -5.76 1.76 4.87 4.65 -4.45 4.45 3.16 4.87 -2.76 3.87 -3.67 -8.81 1.98 0.37 7.76 0.71 1.87 3.16 4.87 -2.76 3.87 -3.67
-2.76 3.87 -3.67 -8.81 1.98 0.37 7.76 0.71 1.87 3.16 4.87  1.87 -4.45 4.45 3.16 4.87 -2.76 3.87 -3.67 -8.81 1.98 2.75 -5.50  0.72 1.87 -4.45 4.45 3.16 1.87 -4.45 4.45 3.16 4.87 -2.76 3.87 -3.67 -8.81 1.98 2.75 -5.50  0.72 1.87 -4.45 4.45 3.16
-7 3 -3 -8 1 3 7 0 1 3 4 1
9.87 6.76 9.87 -4.45 4.45
1 3 7
3.87 -6.97 -4.85
9
0.88
